X	Y	elevation
-660560.67616817	-990233.03677531	193
-657409.170929804	-987363.141797081	170
-654891.081739537	-990359.546208926	229
-654630.653387282	-987492.254106972	231
-655089.816889532	-994818.3655008	151
-658746.93932002	-993534.262223501	118
-661012.46495926	-993447.826591764	174
-659382.160031334	-994299.876851968	177
-656621.854693271	-989207.38831608	93
-653947.773711666	-989601.283448212	200
-658974.540569548	-989322.347030893	244
-654191.406366765	-991089.174308199	205
-653108.835340559	-988070.496482044	185
-652712.82189431	-990731.007613283	105
-654313.97484453	-991514.972891647	169
-660039.009474035	-988379.568266775	149
-655445.271405429	-991535.363388218	130
-661565.704929449	-992427.714228205	135
-660698.366140623	-990563.900600135	142
-660743.288505476	-990699.296449199	149
-656805.136201948	-994761.472828865	183
-661361.863116324	-988014.443137888	147
-660579.905800547	-992956.552384987	196
-656057.369750753	-991002.813057262	209
-661532.006797723	-993649.798796747	186
-652517.747283399	-993150.18681987	147
-655488.340968855	-989292.974986315	213
-657969.28787683	-987192.195930075	183
-653008.764960438	-987978.561998826	145
-660617.196181957	-987925.512755599	205
-653709.779838756	-989364.610219054	212
-657503.554404929	-991415.19913597	197
-659328.303160965	-992000.851865932	148
-655198.63372165	-991502.620849323	222
-661327.46407567	-988111.850651205	227
-661398.332518555	-987266.542340487	57
-653524.255842138	-993417.084737226	149
-660304.382387992	-988416.20025181	176
-658543.954643689	-994808.429866463	166
-654367.886519514	-991679.268661167	170
-652832.794353023	-988935.880674966	217
-657544.576827995	-989832.679003529	170
-656015.543658711	-989347.69364218	176
-661585.394229129	-992883.421523064	153
-657291.938876145	-992150.491663422	227
-661368.966693807	-991271.690304868	184
-654171.848430812	-988852.123677056	234
-661758.446015302	-990056.5258075	193
-658604.441518821	-989755.62065177	168
-659653.408271588	-987981.720658798	166
-655999.072074134	-989600.384858865	186
-661414.692331221	-992256.928337641	192
-654719.336979166	-990516.131959938	210
-655740.019717596	-989844.506493781	211
-653083.287850801	-988452.999097083	132
-659934.477916244	-992620.687051851	161
-660966.400024317	-989676.266828038	162
-655959.299297746	-993541.050176077	181
-661339.478957687	-989678.872791264	212
-653941.228852816	-990224.044055481	204
-652595.548293971	-993955.347403239	170
-655917.499706171	-990329.15257743	203
-656684.091882881	-990486.942206755	104
-660474.324398957	-992096.679954249	127
-654216.676651075	-993951.073113721	173
-657286.917673863	-987813.80201437	173
-658991.033329394	-993223.767720412	191
-652531.512358762	-989736.282238748	103
-654425.573764928	-989913.676898949	177
-659356.627220009	-988357.680022117	127
-652965.723086733	-993078.629259247	171
-655530.86012077	-993004.261293955	164
-653598.483018789	-991936.850571461	176
-661629.467469212	-991240.208686545	93
-656837.651899468	-989478.439672977	118
-652779.439608391	-990528.655856833	183
-654613.384282589	-987573.730013579	222
-653257.466570631	-992678.084811237	151
-657293.43357667	-989373.998584803	149
-655487.031287055	-988957.972274709	196
-660626.904138472	-989330.398887016	180
-656088.394000567	-988463.772198424	68
-653223.49344017	-992613.797972076	153
-652370.587926853	-992125.67477781	153
-658999.571559064	-991550.601983555	206
-661338.271886174	-991851.285147768	243
-657924.076559369	-990504.532473773	100
-653888.203614224	-991625.073990904	169
-655874.888953339	-994772.424148697	166
-652590.05778046	-993474.664020747	144
-661003.468403511	-994234.391551897	167
-658481.623703711	-990216.304770097	205
-656643.106782459	-989060.119167291	133
-654002.24994142	-991399.648808848	166
-655516.557861011	-993021.502753519	193
-656693.973309185	-992624.452604089	228
-660551.651475627	-992894.099800184	185
-658392.670947023	-988879.174661331	213
-659771.898560952	-993364.893892039	182
-654644.64426605	-988165.19331963	190
-656128.967327449	-993047.493425954	162
-660598.112651184	-990605.807917789	121
-654029.174904652	-988930.812243298	223
-653261.779321045	-991182.601010963	133
-654045.131988686	-988944.710499905	219
-658664.407539729	-989844.428660329	179
-652771.905174311	-989128.315272167	85
-656007.187631007	-993734.184693538	214
-661132.372476097	-988668.795539998	170
-660724.136359364	-988668.872355219	148
-659379.48810067	-992562.739051666	189
-657055.658265959	-990634.621335525	178
-652803.29309909	-991093.942785822	118
-661217.029942326	-989266.98203003	148
-658398.750925694	-992137.984660503	186
-655622.128991012	-994629.926654115	203
-657260.403338965	-991925.726292782	175
-653442.105932351	-989820.082522072	144
-653792.708782423	-990775.301401604	192
-659002.376877364	-991242.612667859	196
-659523.735923436	-993634.444363687	181
-655763.05065006	-990054.236204684	210
-654423.644148938	-991873.710224189	171
-660093.853193171	-994352.338857587	194
-659122.711431988	-988464.374142967	197
-654454.677040633	-987501.780682754	211
-654394.297607664	-993830.99975621	189
-660094.995364647	-992131.040194888	154
-653603.39624374	-988613.691087052	137
-655543.364993758	-989703.321250625	220
-654122.762042318	-990572.988918617	148
-656443.335973784	-992705.662025511	201
-658965.938774444	-990453.731903479	96
-653772.466565009	-994693.620884873	179
-659526.072432637	-993032.426075682	151
-660321.822903298	-992827.427124962	135
-659529.91150903	-988794.334771331	182
-656749.855622698	-988501.678742543	161
-659988.075686391	-992043.279171571	76
-659138.744332936	-992613.039313726	166
-659880.282878127	-991495.327823646	176
-653017.595276609	-987954.998909779	135
-656903.481288105	-991382.190208696	206
-659203.272767555	-992069.279251859	210
-654041.704304833	-994669.697544076	205
-658648.858513929	-991406.9012345	148
-652708.853299741	-989289.767132331	156
-661505.064691667	-988992.432993606	168
-657420.404632889	-989260.061356518	164
-655999.368805319	-987412.238761641	111
-660163.57941613	-988747.313857876	140
-653273.553393073	-988850.92847877	177
-660325.93499634	-987836.438742284	194
-657648.810095366	-988202.986023046	200
-657533.152827229	-987635.004681278	171
-653575.998615149	-992796.513286777	170
-654872.613015968	-991620.619170364	187
-656695.473167531	-987533.305780105	191
-660521.090630442	-988166.068851851	143
-654703.425641634	-989764.225541659	215
-655807.096237864	-994782.160196103	171
-653975.095677502	-992697.194402721	178
-659321.840005826	-993570.243973482	182
-660979.573007155	-992838.364723828	177
-660256.571748011	-990946.746002886	238
-657774.375898108	-989708.553089876	147
-656636.202902142	-988597.919636056	154
-653254.816634491	-993568.74358302	138
-655002.28438409	-994604.09733488	185
-653409.963666055	-988881.816656906	180
-659521.48329163	-987239.979183983	175
-657585.306979563	-988891.090231843	160
-660731.178245582	-988598.20495487	149
-660414.315186232	-989465.16208338	148
-660403.701117828	-990093.869526375	188
-656918.785387792	-989358.948322102	99
-658781.561252624	-994554.0280778	140
-654372.864285529	-992879.274085332	163
-656289.765496202	-991107.133019391	218
-658989.698552214	-991125.562011853	209
-654866.554393154	-993472.952423368	160
-661651.883305959	-990524.379964676	175
-656037.996106755	-987480.036653526	138
-657654.148246083	-994704.715939712	163
-655831.188402306	-994405.983584628	188
-660715.157545466	-992969.267432578	171
-658123.95906949	-994468.687495939	203
-653820.819635298	-989084.023581252	211
-655885.382986743	-993155.369493794	172
-656241.501980871	-993043.55975863	159
-654013.433191665	-988308.13471837	198
-656370.206979558	-987712.810139529	152
-656672.504100319	-988729.00367894	163
-659548.39656717	-993374.547122411	188
-659264.035597228	-994797.400741857	182
-659529.74630674	-994348.411421526	154
-658162.082663935	-988904.201775063	199
-661122.143995702	-994852.492337886	181
-655693.700879898	-990510.508544095	165
-656624.574702684	-989612.140470859	172
-660765.983886536	-991503.977676887	199
-656397.273798339	-988594.795398626	137
-655962.61172783	-987454.921570674	84
-654531.897164062	-988362.731158257	156
-653173.088177416	-993140.471423842	116
-657996.549303215	-994017.141237885	180
-659332.599367589	-990424.868176702	154
-661032.667090125	-988970.144040577	168
-660899.369609524	-988895.278588697	175
-659662.089748669	-994135.894112106	180
-652535.463519804	-992726.434127923	129
-653939.36646691	-987389.032281674	195
-655520.628402971	-989602.308864236	215
-659838.338387407	-987838.867304467	167
-660669.237102233	-994372.145318236	177
-653119.040483024	-991901.278521806	140
-657437.409080915	-987575.034940224	172
-659967.585492656	-993093.506057564	180
-652987.016266719	-992061.21224422	154
-653338.535989191	-991115.07192038	148
-655333.605587497	-989879.142928619	70
-652673.28504758	-987297.291910615	38
-653449.401820425	-993374.114572924	166
-652460.216569766	-993925.06069997	163
-655519.850580372	-987781.346425608	228
-658392.679888427	-990606.083588544	141
-653816.720227592	-992435.243995357	171
-660099.805256955	-989348.143465683	211
-659921.415875047	-993538.768683232	205
-655722.351026986	-994450.308317751	191
-652854.014684826	-994030.908974949	170
-653309.693355329	-991027.83137982	145
-654875.415471267	-993606.968126033	159
-658189.161128558	-987233.73331923	185
-660751.831164002	-993332.877044585	183
-656560.391582329	-989177.419045229	62
-652633.67995549	-993424.187562305	147
-656242.956077307	-990401.636592411	210
-656526.889516149	-993967.786758572	163
-660887.824507833	-991341.230075639	205
-655859.122103117	-988134.922323592	141
-652718.366743352	-992336.694403671	166
-657173.834172584	-990006.164717101	139
-653248.335378516	-991404.041313145	132
-660319.397891849	-993814.133438185	193
-658448.511132445	-990185.92867792	205
-653888.975091953	-988441.848581113	206
-657744.465114791	-989468.570807829	145
-658642.472961776	-987520.528807074	151
-654797.344333488	-990474.391975775	225
-659058.456436865	-988075.200338073	184
-653002.299953144	-988153.773862533	124
-653861.354802661	-992251.572952256	196
-659641.732255459	-989144.201854579	194
-655642.51259708	-991766.603782162	100
-657624.429608185	-990756.453315314	184
-654182.745095935	-990467.240863759	208
-658890.944584161	-987186.147658814	167
-655727.500884131	-989430.101642836	203
-652900.092076063	-988758.559570942	206
-652615.48943283	-991064.516567238	160
-659064.046750501	-991540.726801101	229
-657617.347681668	-993750.929143358	181
-654829.301534802	-989767.920549374	221
-657465.253546111	-989390.574166615	187
-660340.300286368	-988375.442211818	178
-655011.585427586	-990669.394370604	209
-661753.012471285	-990099.297424607	169
-653564.824330539	-993151.469209269	152
-661197.015052326	-992700.269844111	186
-654327.074582759	-992442.965174932	181
-659665.450568028	-991350.290880471	147
-660052.928396553	-993734.234543663	172
-658640.22294632	-994042.015560135	181
-653627.430518109	-991079.597294297	148
-657138.957020238	-993852.721405946	150
-659595.751827762	-990053.945314303	222
-661155.260656666	-991596.285265189	222
-652595.605219424	-989127.251654685	135
-653637.405175038	-989928.523505386	164
-660204.313584726	-991869.918395232	158
-660855.961398248	-989375.805784415	188
-661451.308980264	-993056.755377326	208
-658782.811445475	-993880.552642882	183
-660645.8509495	-990966.265857588	127
-660631.018310502	-990191.196226846	194
-653315.113901276	-994692.220696598	167
-654057.736311641	-990205.661033835	194
-661437.111374542	-993063.092036422	186
-660973.220965434	-992970.129010785	188
-658318.536274236	-993135.151611887	166
-652413.427478246	-989929.301255509	152
-652656.592762355	-988949.209989797	174
-657334.431659739	-991732.035027176	188
-653175.490449961	-991241.324083053	148
-654818.533603825	-994162.353326946	228
-659241.577482626	-992100.395452	224
-660077.614540897	-987327.638818376	159
-658941.403394014	-989903.017616794	202
-655181.502895948	-991569.348580536	137
-656029.551724359	-990161.672007453	222
-655765.979425766	-991603.973104984	108
-656903.165967174	-988411.992157832	175
-657408.273997169	-989819.343855403	143
-653615.792619653	-990373.780028861	197
-655855.939028241	-992934.631861795	221
-654889.07250103	-992816.808586247	180
-658145.165779974	-988916.290515956	201
-658297.405957673	-991656.813009247	171
-657000.792801157	-992427.451805163	98
-656536.724583708	-988461.892736923	134
-655658.07021632	-993381.081600882	176
-654752.206835445	-988575.948380757	227
-654886.853910409	-990138.092587322	168
-653800.313430727	-993191.263522044	192
-653455.334895842	-987228.626922738	138
-654772.169669311	-989992.98179039	195
-657441.346010599	-988832.196373612	159
-660889.142540809	-989082.930015687	157
-654237.433732416	-987715.879389092	195
-656217.314379092	-990151.258580625	217
-653540.143473949	-989027.079223514	168
-658609.665155742	-989580.698036373	182
-658193.365188099	-993797.249645367	184
-659632.541948792	-989175.464891009	177
-659156.312247794	-988495.812633615	192
-652855.508607931	-989959.193549797	121
-661371.623849135	-991730.900460035	233
-652546.981510989	-987560.521688547	223
-656787.985542189	-991118.337720118	229
-652419.02894881	-990194.535148934	138
-656904.399481885	-992728.752169404	197
-657113.873357948	-987460.047801092	174
-659556.238763839	-988648.801453013	192
-659663.06930998	-990595.924675561	189
-661259.835681561	-994466.844489854	166
-653071.876456093	-994234.407804098	173
-659709.532141674	-990489.760104712	201
-660479.717578925	-992397.503601585	210
-653079.29929224	-987252.927692499	132
-660229.124131262	-991714.972395614	141
-655036.592777442	-993356.291174844	156
-655877.722470097	-990466.4496544	215
-657483.487527072	-993091.971180022	251
-655122.465791892	-987428.428592984	221
-656990.351839159	-991934.00878102	130
-654897.781196531	-989511.172868554	190
-654532.625643779	-989330.898643102	213
-657874.31140843	-990314.978689503	123
-656486.483151205	-990395.914247166	55
-660476.823551353	-990535.123128697	141
-655758.40324679	-987337.446984258	133
-658056.69073195	-989178.868051063	152
-659532.715347383	-987191.626615424	182
-659630.703728892	-987228.141314276	187
-660200.937945984	-991272.449554794	226
-654604.519577265	-994654.25889571	174
-656771.902280893	-990022.737606347	149
-659962.360252451	-992507.432462644	112
-659896.871925406	-988869.895181395	209
-657802.426044151	-992537.585656207	94
-655827.840422448	-989322.812274802	192
-659418.419980146	-994074.055289019	176
-653670.329144403	-989851.70581026	199
-655813.47414358	-992889.663433228	202
-658740.694330659	-992298.543467034	211
-652389.023038685	-991273.406939603	155
-657254.383410834	-993287.253515705	224
-652773.887311123	-992045.490048189	127
-652471.753879663	-992357.230406381	164
-654447.915656734	-994862.522581331	194
-654867.933588836	-994721.480176847	161
-655281.715898018	-990614.74582902	211
-658100.427378938	-988169.361240227	250
-660953.34342945	-989892.351909764	156
-652568.096849598	-992387.815880544	177
-655754.111189336	-988831.061336786	240
-657884.049794342	-992760.224093046	55
-654644.65183321	-987589.950409677	214
-661747.530326571	-988458.694064919	114
-660988.177718125	-993112.141613968	181
-657165.74329045	-993874.891244289	137
-656420.743965007	-992138.78323767	160
-658965.776058566	-988755.383310698	229
-652764.769953955	-994364.589062829	209
-661255.463836413	-993967.134956744	164
-658120.512804698	-991035.185101178	154
-657059.346415471	-993204.773608111	187
-656561.777823213	-991170.62823328	221
-660332.988325793	-991314.734003838	223
-659568.9849093	-994053.692531981	183
-660052.424359206	-993449.814300887	183
-657863.84734194	-992274.071850169	140
-658886.64856033	-993679.650953516	186
-659703.738254793	-987804.370832879	163
-652519.79927766	-988121.684498649	148
-653604.119012859	-989029.741185665	186
-658016.060466398	-992031.507633641	88
-659410.013708811	-989195.664505772	115
-659077.605261881	-989354.209824823	227